[0.         0.0004008  0.0008016  0.0012024  0.00160321 0.00200401
 0.00240481 0.00280561 0.00320641 0.00360721 0.00400802 0.00440882
 0.00480962 0.00521042 0.00561122 0.00601202 0.00641283 0.00681363
 0.00721443 0.00761523 0.00801603 0.00841683 0.00881764 0.00921844
 0.00961924 0.01002004 0.01042084 0.01082164 0.01122244 0.01162325
 0.01202405 0.01242485 0.01282565 0.01322645 0.01362725 0.01402806
 0.01442886 0.01482966 0.01523046 0.01563126 0.01603206 0.01643287
 0.01683367 0.01723447 0.01763527 0.01803607 0.01843687 0.01883768
 0.01923848 0.01963928 0.02004008 0.02044088 0.02084168 0.02124248
 0.02164329 0.02204409 0.02244489 0.02284569 0.02324649 0.02364729
 0.0240481  0.0244489  0.0248497  0.0252505  0.0256513  0.0260521
 0.02645291 0.02685371 0.02725451 0.02765531 0.02805611 0.02845691
 0.02885772 0.02925852 0.02965932 0.03006012 0.03046092 0.03086172
 0.03126253 0.03166333 0.03206413 0.03246493 0.03286573 0.03326653
 0.03366733 0.03406814 0.03446894 0.03486974 0.03527054 0.03567134
 0.03607214 0.03647295 0.03687375 0.03727455 0.03767535 0.03807615
 0.03847695 0.03887776 0.03927856 0.03967936 0.04008016 0.04048096
 0.04088176 0.04128257 0.04168337 0.04208417 0.04248497 0.04288577
 0.04328657 0.04368737 0.04408818 0.04448898 0.04488978 0.04529058
 0.04569138 0.04609218 0.04649299 0.04689379 0.04729459 0.04769539
 0.04809619 0.04849699 0.0488978  0.0492986  0.0496994  0.0501002
 0.050501   0.0509018  0.05130261 0.05170341 0.05210421 0.05250501
 0.05290581 0.05330661 0.05370741 0.05410822 0.05450902 0.05490982
 0.05531062 0.05571142 0.05611222 0.05651303 0.05691383 0.05731463
 0.05771543 0.05811623 0.05851703 0.05891784 0.05931864 0.05971944
 0.06012024 0.06052104 0.06092184 0.06132265 0.06172345 0.06212425
 0.06252505 0.06292585 0.06332665 0.06372745 0.06412826 0.06452906
 0.06492986 0.06533066 0.06573146 0.06613226 0.06653307 0.06693387
 0.06733467 0.06773547 0.06813627 0.06853707 0.06893788 0.06933868
 0.06973948 0.07014028 0.07054108 0.07094188 0.07134269 0.07174349
 0.07214429 0.07254509 0.07294589 0.07334669 0.07374749 0.0741483
 0.0745491  0.0749499  0.0753507  0.0757515  0.0761523  0.07655311
 0.07695391 0.07735471 0.07775551 0.07815631 0.07855711 0.07895792
 0.07935872 0.07975952 0.08016032 0.08056112 0.08096192 0.08136273
 0.08176353 0.08216433 0.08256513 0.08296593 0.08336673 0.08376754
 0.08416834 0.08456914 0.08496994 0.08537074 0.08577154 0.08617234
 0.08657315 0.08697395 0.08737475 0.08777555 0.08817635 0.08857715
 0.08897796 0.08937876 0.08977956 0.09018036 0.09058116 0.09098196
 0.09138277 0.09178357 0.09218437 0.09258517 0.09298597 0.09338677
 0.09378758 0.09418838 0.09458918 0.09498998 0.09539078 0.09579158
 0.09619238 0.09659319 0.09699399 0.09739479 0.09779559 0.09819639
 0.09859719 0.098998   0.0993988  0.0997996  0.1002004  0.1006012
 0.101002   0.10140281 0.10180361 0.10220441 0.10260521 0.10300601
 0.10340681 0.10380762 0.10420842 0.10460922 0.10501002 0.10541082
 0.10581162 0.10621242 0.10661323 0.10701403 0.10741483 0.10781563
 0.10821643 0.10861723 0.10901804 0.10941884 0.10981964 0.11022044
 0.11062124 0.11102204 0.11142285 0.11182365 0.11222445 0.11262525
 0.11302605 0.11342685 0.11382766 0.11422846 0.11462926 0.11503006
 0.11543086 0.11583166 0.11623246 0.11663327 0.11703407 0.11743487
 0.11783567 0.11823647 0.11863727 0.11903808 0.11943888 0.11983968
 0.12024048 0.12064128 0.12104208 0.12144289 0.12184369 0.12224449
 0.12264529 0.12304609 0.12344689 0.1238477  0.1242485  0.1246493
 0.1250501  0.1254509  0.1258517  0.12625251 0.12665331 0.12705411
 0.12745491 0.12785571 0.12825651 0.12865731 0.12905812 0.12945892
 0.12985972 0.13026052 0.13066132 0.13106212 0.13146293 0.13186373
 0.13226453 0.13266533 0.13306613 0.13346693 0.13386774 0.13426854
 0.13466934 0.13507014 0.13547094 0.13587174 0.13627255 0.13667335
 0.13707415 0.13747495 0.13787575 0.13827655 0.13867735 0.13907816
 0.13947896 0.13987976 0.14028056 0.14068136 0.14108216 0.14148297
 0.14188377 0.14228457 0.14268537 0.14308617 0.14348697 0.14388778
 0.14428858 0.14468938 0.14509018 0.14549098 0.14589178 0.14629259
 0.14669339 0.14709419 0.14749499 0.14789579 0.14829659 0.14869739
 0.1490982  0.149499   0.1498998  0.1503006  0.1507014  0.1511022
 0.15150301 0.15190381 0.15230461 0.15270541 0.15310621 0.15350701
 0.15390782 0.15430862 0.15470942 0.15511022 0.15551102 0.15591182
 0.15631263 0.15671343 0.15711423 0.15751503 0.15791583 0.15831663
 0.15871743 0.15911824 0.15951904 0.15991984 0.16032064 0.16072144
 0.16112224 0.16152305 0.16192385 0.16232465 0.16272545 0.16312625
 0.16352705 0.16392786 0.16432866 0.16472946 0.16513026 0.16553106
 0.16593186 0.16633267 0.16673347 0.16713427 0.16753507 0.16793587
 0.16833667 0.16873747 0.16913828 0.16953908 0.16993988 0.17034068
 0.17074148 0.17114228 0.17154309 0.17194389 0.17234469 0.17274549
 0.17314629 0.17354709 0.1739479  0.1743487  0.1747495  0.1751503
 0.1755511  0.1759519  0.17635271 0.17675351 0.17715431 0.17755511
 0.17795591 0.17835671 0.17875752 0.17915832 0.17955912 0.17995992
 0.18036072 0.18076152 0.18116232 0.18156313 0.18196393 0.18236473
 0.18276553 0.18316633 0.18356713 0.18396794 0.18436874 0.18476954
 0.18517034 0.18557114 0.18597194 0.18637275 0.18677355 0.18717435
 0.18757515 0.18797595 0.18837675 0.18877756 0.18917836 0.18957916
 0.18997996 0.19038076 0.19078156 0.19118236 0.19158317 0.19198397
 0.19238477 0.19278557 0.19318637 0.19358717 0.19398798 0.19438878
 0.19478958 0.19519038 0.19559118 0.19599198 0.19639279 0.19679359
 0.19719439 0.19759519 0.19799599 0.19839679 0.1987976  0.1991984
 0.1995992  0.2       ]
